frequency,amplitude,phase,I,Q
7450000000.0,-8.008753841875597,1.2876203308631438,0.11112170666456223,0.3818666636943817
7450150000.0,-8.025932764076005,1.2883074942665025,0.11064023524522781,0.3811882734298706
7450300000.0,-8.046628070687564,1.2888117487638506,0.1101851612329483,0.380336731672287
7450450000.0,-8.06085874548766,1.2891789927655253,0.10986533015966415,0.3797544836997986
7450600000.0,-8.081672844180915,1.2902172025316767,0.10920899361371994,0.37895914912223816
7450750000.0,-8.1014243075069,1.290555852731828,0.10883288830518723,0.3781352639198303
7450900000.0,-8.121809303645625,1.2914390923947388,0.10824452340602875,0.37734460830688477
7451050000.0,-8.140170952494698,1.2918985271642744,0.10784292966127396,0.3765973448753357
7451200000.0,-8.155529844081235,1.2923853080417065,0.10746939480304718,0.3759843707084656
7451350000.0,-8.167348974510787,1.293852539152338,0.10677223652601242,0.3756301701068878
7451500000.0,-8.18102202879208,1.2944425489122156,0.10638299584388733,0.375102162361145
7451650000.0,-8.20147448206879,1.2944613306732466,0.10612576454877853,0.37422195076942444
7451800000.0,-8.223009211097889,1.2949175430567519,0.10569266229867935,0.3733435571193695
7451950000.0,-8.24273989635781,1.29591679610979,0.10508057475090027,0.37260162830352783
7452100000.0,-8.262425155829103,1.296299894985217,0.10470026731491089,0.3717982769012451
7452250000.0,-8.268692717974918,1.2967516890804465,0.10445687919855118,0.37157732248306274
7452400000.0,-8.282270530284467,1.297866882965667,0.10387992113828659,0.37111300230026245
7452550000.0,-8.298261645475831,1.2981307154204138,0.10359111428260803,0.3704577386379242
7452700000.0,-8.317548470011992,1.2982403098924284,0.10332083702087402,0.36964738368988037
7452850000.0,-8.335195078550699,1.2984960712099187,0.10301678627729416,0.36892351508140564
7453000000.0,-8.351785791783726,1.2987861592682244,0.10271338373422623,0.3682493269443512
7453150000.0,-8.369364452922445,1.2990735021126996,0.10240011662244797,0.36753425002098083
7453300000.0,-8.380062579816439,1.2996151721258573,0.10207521915435791,0.36713719367980957
7453450000.0,-8.395023682812326,1.2995092798998096,0.10193835943937302,0.3664945662021637
7453600000.0,-8.413153688274651,1.3003759860745714,0.10140878707170486,0.36581841111183167
7453750000.0,-8.427838855288622,1.2997333408752376,0.1014721542596817,0.3651353120803833
7453900000.0,-8.445071913075418,1.29944099045806,0.10137756168842316,0.36438196897506714
7454050000.0,-8.462326829023416,1.2991706140162014,0.10127469152212143,0.3636314570903778
7454200000.0,-8.480209750104091,1.2989799148738315,0.10113559663295746,0.36286428570747375
7454350000.0,-8.494978786585897,1.298902986213832,0.1009916439652443,0.3622400462627411
7454500000.0,-8.502883834133211,1.2982778194998537,0.10112600773572922,0.3618473708629608
7454650000.0,-8.521175746753162,1.298143912584569,0.10096161812543869,0.3610726296901703
7454800000.0,-8.539080141560703,1.2970328629439607,0.10115399956703186,0.3602169454097748
7454950000.0,-8.559609101465615,1.2966027337265653,0.10106977075338364,0.3593231439590454
7455100000.0,-8.577523551050296,1.2960172403424597,0.10107146203517914,0.3585236966609955
7455250000.0,-8.597469533949718,1.2962797224803417,0.10074573755264282,0.3577277958393097
7455400000.0,-8.613418460426834,1.2953471931174732,0.10089385509490967,0.3569776117801666
7455550000.0,-8.631127151532255,1.294648671151419,0.10093718767166138,0.3561801314353943
7455700000.0,-8.650262050060393,1.294479711956472,0.10077511519193649,0.3553793132305145
7455850000.0,-8.669533888502471,1.2936354619042711,0.10085109621286392,0.3545066714286804
7456000000.0,-8.683754388456231,1.2934419338736882,0.10075461119413376,0.3539072573184967
7456150000.0,-8.694952539415635,1.2924739101003107,0.10096690058708191,0.35335370898246765
7456300000.0,-8.707011222538338,1.2916056816570365,0.10113315284252167,0.35277581214904785
7456450000.0,-8.73044944842155,1.2904372877034647,0.1012716218829155,0.3517070710659027
7456600000.0,-8.743017400241644,1.2897165864280724,0.10137827694416046,0.351125568151474
7456750000.0,-8.764685131019789,1.2884826892393797,0.10155779123306274,0.3501257002353668
7456900000.0,-8.783159420057576,1.2874717108986518,0.10169517993927002,0.34927916526794434
7457050000.0,-8.797275645494034,1.2856541212693589,0.10216368734836578,0.34852686524391174
7457200000.0,-8.808483701815902,1.284196636409542,0.10253915190696716,0.34792834520339966
7457350000.0,-8.828936021453067,1.283224106029457,0.10263551771640778,0.34701040387153625
7457500000.0,-8.838506210173508,1.2812574661783638,0.10320398956537247,0.34642598032951355
7457650000.0,-8.851460585820849,1.2804316727723646,0.10333579778671265,0.3458244800567627
7457800000.0,-8.880883438964664,1.2795258528121973,0.10329850018024445,0.3445615768432617
7457950000.0,-8.898306187767682,1.2784868668927745,0.10344872623682022,0.3437638282775879
7458100000.0,-8.910271179011133,1.2757962164075658,0.10422962158918381,0.34301140904426575
7458250000.0,-8.932545878079619,1.2745341009804498,0.10439439862966537,0.34200140833854675
7458400000.0,-8.950066993156597,1.2722903219413768,0.10494959354400635,0.341077595949173
7458550000.0,-8.967774921873739,1.269296779318545,0.10575433075428009,0.34006789326667786
7458700000.0,-8.981965732702534,1.2660335082180458,0.10668905079364777,0.33916640281677246
7458850000.0,-8.995333006836171,1.263996330729402,0.10721464455127716,0.3384271264076233
7459000000.0,-9.022108002551947,1.260795420906156,0.10796404629945755,0.3370416462421417
7459150000.0,-9.037806452935767,1.2583593350568985,0.10858835279941559,0.3361695110797882
7459300000.0,-9.052978184521955,1.2537379564338365,0.1099485382437706,0.33507829904556274
7459450000.0,-9.075004894095736,1.2500260140630688,0.11090995371341705,0.33382025361061096
7459600000.0,-9.097483091313423,1.2456527150760506,0.11207836121320724,0.33247050642967224
7459750000.0,-9.1259047053443,1.240029516757333,0.11357388645410538,0.330750972032547
7459900000.0,-9.158983106528844,1.2339984668452573,0.1151273101568222,0.32880541682243347
7460050000.0,-9.199573739514243,1.2283745129406323,0.11642929911613464,0.3266228139400482
7460200000.0,-9.228677722811295,1.2202641640610576,0.11867614835500717,0.3245784044265747
7460350000.0,-9.267230880048045,1.2112833049351328,0.12104783952236176,0.3220668137073517
7460500000.0,-9.314146251869671,1.2012079483923186,0.12361707538366318,0.3191026449203491
7460650000.0,-9.382435916233417,1.1907221377178927,0.125962033867836,0.31530019640922546
7460800000.0,-9.446005952495941,1.177893858963299,0.12904837727546692,0.31137120723724365
7460950000.0,-9.521169315333808,1.1655729957829348,0.13172997534275055,0.307088702917099
7461100000.0,-9.597894758893235,1.1501393496219103,0.13525356352329254,0.3023366630077362
7461250000.0,-9.672550896878287,1.1336136606636604,0.1390310525894165,0.2974923253059387
7461400000.0,-9.746513954164262,1.1151590134549005,0.14327196776866913,0.29237574338912964
7461550000.0,-9.818652474512545,1.0921411458361385,0.14872296154499054,0.28661048412323
7461700000.0,-9.904280875508114,1.0689549463726356,0.15380404889583588,0.28030839562416077
7461850000.0,-9.962088523706385,1.0367162573960758,0.1616797149181366,0.2733796536922455
7462000000.0,-10.037237974960401,1.003033253087079,0.16932319104671478,0.265472948551178
7462150000.0,-10.118346318409305,0.9607781002995593,0.1787097156047821,0.25568458437919617
7462300000.0,-10.196703307166597,0.9099134689671073,0.18975868821144104,0.24405618011951447
7462450000.0,-10.28898388457117,0.8482520670608202,0.20227688550949097,0.22944828867912292
7462600000.0,-10.40183610431265,0.7730009929956821,0.21612799167633057,0.2108345925807953
7462750000.0,-10.534335722201558,0.6783062122509581,0.23153574764728546,0.18658627569675446
7462900000.0,-10.730491925449169,0.5598820656673432,0.24633249640464783,0.15439757704734802
7463050000.0,-11.001617147544122,0.4078866019870459,0.258668452501297,0.11177603900432587
7463200000.0,-11.370064706156711,0.20781927817328905,0.2642713785171509,0.05572524294257164
7463350000.0,-11.917139241324765,-0.0530061335724104,0.2532401978969574,-0.013435869477689266
7463500000.0,-12.690080618471978,-0.40042687160856666,0.21365149319171906,-0.09043792635202408
7463650000.0,-13.704523433074268,-0.8582599829161683,0.13495498895645142,-0.15620721876621246
7463800000.0,-14.570599359755864,-1.4336665387043908,0.025541115552186966,-0.18508610129356384
7463950000.0,-14.660763906031818,-2.0535248862159854,-0.08583506941795349,-0.16378116607666016
7464100000.0,-14.003991344826323,-2.585930320573874,-0.16942988336086273,-0.10520295053720474
7464250000.0,-13.183987961895,-2.984393177927786,-0.21647725999355316,-0.034313224256038666
7464400000.0,-12.509704734445805,-3.2670519584518347,-0.23501081764698029,0.029639968648552895
7464550000.0,-12.012782658321711,-3.472076370232966,-0.2372462898492813,0.08139099925756454
7464700000.0,-11.635626637110942,-3.6232917602804315,-0.2321425974369049,0.1213577389717102
7464850000.0,-11.391624953665927,-3.735655574981229,-0.2232554852962494,0.15079927444458008
7465000000.0,-11.179494832284828,-3.8250657554484855,-0.21406328678131104,0.17433781921863556
7465150000.0,-11.026706794933753,-3.8929235322341587,-0.2053297758102417,0.19179555773735046
7465300000.0,-10.894695520062047,-3.948837998291987,-0.19726577401161194,0.2060791254043579
7465450000.0,-10.804423589867424,-3.992287142155241,-0.19009386003017426,0.21669338643550873
7465600000.0,-10.714647191956164,-4.028353457990139,-0.1840491145849228,0.22572804987430573
7465750000.0,-10.636516900880153,-4.061263574475384,-0.1781170517206192,0.23375502228736877
7465900000.0,-10.57878796651125,-4.084165148531499,-0.17386920750141144,0.2393580973148346
7466050000.0,-10.517915257552804,-4.103156224103987,-0.1704830676317215,0.2443229854106903
7466200000.0,-10.484825218162474,-4.118913238813331,-0.1672482043504715,0.24792154133319855
7466350000.0,-10.438990118336122,-4.1336737699123365,-0.16443610191345215,0.25168776512145996
7466500000.0,-10.403062184920923,-4.139088984905275,-0.1637466698884964,0.2536214292049408
7466650000.0,-10.362781327708902,-4.151975006521553,-0.16121087968349457,0.25689896941185
7466800000.0,-10.321711154873972,-4.160346413330996,-0.15980850160121918,0.25946345925331116
7466950000.0,-10.289642673314141,-4.162998726799457,-0.15970832109451294,0.26084768772125244
7467100000.0,-10.257576401565283,-4.167552564231205,-0.1591051071882248,0.26253971457481384
7467250000.0,-10.222983677134206,-4.170942759503802,-0.15884549915790558,0.2641274333000183
7467400000.0,-10.191069586795784,-4.174349980406783,-0.15852603316307068,0.26564136147499084
7467550000.0,-10.16465852155794,-4.177326372019795,-0.15821503102779388,0.2669224143028259
7467700000.0,-10.134798281593827,-4.175776467068115,-0.1591748148202896,0.26759523153305054
7467850000.0,-10.098234954045388,-4.175383598017179,-0.1599518358707428,0.268661230802536
7468000000.0,-10.071105809594219,-4.176053493956945,-0.16027162969112396,0.26960909366607666
7468150000.0,-10.036647161381275,-4.1748377302212125,-0.1612376868724823,0.270484983921051
7468300000.0,-10.009591124016048,-4.171102281475542,-0.1627531200647354,0.27072277665138245
7468450000.0,-9.97920513845938,-4.16681967562608,-0.16448543965816498,0.27096956968307495
7468600000.0,-9.938242192499525,-4.162670228815584,-0.1663912534713745,0.271562397480011
7468750000.0,-9.91353974905934,-4.16139018688351,-0.16721360385417938,0.27212199568748474
7468900000.0,-9.879264780209532,-4.156719573748051,-0.16914890706539154,0.27241086959838867
7469050000.0,-9.836037279463392,-4.150558350870554,-0.17167633771896362,0.2727174162864685
7469200000.0,-9.805190952927633,-4.148820491618318,-0.17276246845722198,0.2733878195285797
7469350000.0,-9.761977034490553,-4.14497251652034,-0.17468008399009705,0.2740812301635742
7469500000.0,-9.464273379881194,-4.223167496849276,-0.15806207060813904,0.29689231514930725
7469650000.0,-9.647242030828794,-4.163997492292373,-0.17168736457824707,0.2810426950454712
7469800000.0,-9.638741311386994,-4.144746939101145,-0.1772388219833374,0.27795764803886414
7469950000.0,-9.615288927169244,-4.138380022672626,-0.1794889271259308,0.27757200598716736
7470100000.0,-9.577204047727484,-4.1321876309207894,-0.18200057744979858,0.2776700556278229
7470250000.0,-9.54834668590277,-4.127055826690124,-0.18403352797031403,0.2776533365249634
7470400000.0,-9.507204853500491,-4.121250016093594,-0.18652382493019104,0.2778933644294739
7470550000.0,-9.47472730474191,-4.11740630238432,-0.18829332292079926,0.27821269631385803
7470700000.0,-9.443520824407152,-4.111237870991127,-0.19068974256515503,0.27804309129714966
7470850000.0,-9.401511312052138,-4.107637546715035,-0.19261890649795532,0.27869942784309387
7471000000.0,-9.367554894548388,-4.100965493822006,-0.19523586332798004,0.2784946858882904
7471150000.0,-9.32839604672844,-4.096525221002262,-0.19735828042030334,0.2788794934749603
7471300000.0,-9.283942370062318,-4.090361663341504,-0.20009486377239227,0.27908244729042053
7471450000.0,-9.24985842229776,-4.084138491445046,-0.20262129604816437,0.27892419695854187
7471600000.0,-9.199387140542838,-4.078176245771618,-0.20547117292881012,0.2793295681476593
7471750000.0,-9.158964100102978,-4.07397072962635,-0.20760801434516907,0.27976194024086
7471900000.0,-9.12054822555038,-4.0681044261811055,-0.210173100233078,0.27977389097213745
7472050000.0,-9.070420276915955,-4.061808723019265,-0.21315692365169525,0.28005677461624146
7472200000.0,-9.036890236361984,-4.058557065954985,-0.2148943990468979,0.2804426848888397
7472350000.0,-8.989350115805742,-4.051215976404894,-0.21813800930976868,0.2803880274295807
7472500000.0,-8.945888537630413,-4.04695652933443,-0.22043053805828094,0.2808581590652466
7472650000.0,-8.906398868571536,-4.041737053860627,-0.22290457785129547,0.28097835183143616
7472800000.0,-8.851428100054244,-4.035958612016882,-0.22594992816448212,0.28146129846572876
7472950000.0,-8.803083756456537,-4.030370046897675,-0.22878922522068024,0.28175804018974304
7473100000.0,-8.755750787771976,-4.0247680820832255,-0.23162280023097992,0.28200453519821167
7473250000.0,-8.709095308075089,-4.018810290915422,-0.23455531895160675,0.2821309566497803
7473400000.0,-8.659261014699887,-4.0131753138211845,-0.2375001162290573,0.28242048621177673
7473550000.0,-8.602866907675399,-4.006326263947548,-0.24098841845989227,0.28261619806289673
7473700000.0,-8.551287113140008,-4.001941007712318,-0.24366813898086548,0.283233642578125
7473850000.0,-8.505684614240522,-3.9960982392590125,-0.24661019444465637,0.28328853845596313
7474000000.0,-8.459029862413198,-3.9906671884293337,-0.24948155879974365,0.2834635078907013
7474150000.0,-8.410080250326669,-3.9850923316961158,-0.2524767816066742,0.2836623787879944
7474300000.0,-8.349296535315668,-3.980205912293766,-0.2556425929069519,0.2844086289405823
7474450000.0,-8.289368516817007,-3.974234110371246,-0.25911808013916016,0.2848353683948517
7474600000.0,-8.240569809066669,-3.969425687651983,-0.2619522511959076,0.285183846950531
7474750000.0,-8.185215604681286,-3.9642156123042196,-0.26511871814727783,0.2856296896934509
7474900000.0,-8.12514380267927,-3.9587672077305767,-0.2685216963291168,0.2861531972885132
7475050000.0,-8.065070615959021,-3.953402340840052,-0.27192720770835876,0.28668442368507385
7475200000.0,-8.005809079621036,-3.9480249523958277,-0.2753370404243469,0.2871706485748291
7475350000.0,-7.942919209841637,-3.9428106904621774,-0.27884232997894287,0.2878074049949646
7475500000.0,-7.894313323631122,-3.937907745095869,-0.28182274103164673,0.28804418444633484
7475650000.0,-7.831576997702234,-3.9328771558548072,-0.28532159328460693,0.28870052099227905
7475800000.0,-7.77549106492487,-3.9282339763874368,-0.28851598501205444,0.2892342209815979
7475950000.0,-7.705182218575599,-3.9228003397511078,-0.2924409508705139,0.29000023007392883
7476100000.0,-7.648017737298696,-3.918054457139763,-0.29575401544570923,0.2905147671699524
7476250000.0,-7.579444509923592,-3.912295625363797,-0.2997795045375824,0.2910958528518677
7476400000.0,-7.525428977216025,-3.907722293096314,-0.3029859960079193,0.2915291488170624
7476550000.0,-7.452880617443165,-3.9030965513999596,-0.306883841753006,0.29255789518356323
7476700000.0,-7.39937465943247,-3.8979177018788844,-0.31030043959617615,0.2927625775337219
7476850000.0,-7.336669987146914,-3.893910188186345,-0.31372788548469543,0.2936288118362427
7477000000.0,-7.264626012194693,-3.889524346921915,-0.3176363706588745,0.29468414187431335
7477150000.0,-7.2003665945639135,-3.8854089054746157,-0.32121405005455017,0.29555290937423706
7477300000.0,-7.137192756765703,-3.880023076991052,-0.3251575231552124,0.2959634065628052
7477450000.0,-7.0719751896448,-3.8757507881614734,-0.32887911796569824,0.2967916429042816
7477600000.0,-6.998531740617179,-3.871118150238297,-0.333054780960083,0.297772079706192
7477750000.0,-6.930789852236009,-3.868032922925868,-0.33658674359321594,0.2990664839744568
7477900000.0,-6.865682642601794,-3.8643559403571404,-0.34022483229637146,0.300067663192749
7478050000.0,-6.793014024774565,-3.860912910939188,-0.344122976064682,0.3014056086540222
7478200000.0,-6.72750785919865,-3.8567306900878573,-0.3479951024055481,0.30223456025123596
7478350000.0,-6.6563180197391425,-3.8531934758288404,-0.35193467140197754,0.3034788966178894
7478500000.0,-6.58373880074069,-3.8497185879986335,-0.3559490144252777,0.30479034781455994
7478650000.0,-6.51504255814671,-3.846997741381905,-0.3596099019050598,0.30623316764831543
7478800000.0,-6.439956729064457,-3.8440938076072015,-0.36362752318382263,0.30783724784851074
7478950000.0,-6.379270044414912,-3.841923672986101,-0.366848886013031,0.3092001974582672
7479100000.0,-6.309218854306958,-3.839017634201591,-0.3707237243652344,0.31062793731689453
7479250000.0,-6.23329633702496,-3.8372852135509565,-0.3745206892490387,0.3127066493034363
7479400000.0,-6.163030906390471,-3.836119142743602,-0.37793004512786865,0.31480610370635986
7479550000.0,-6.099315269921171,-3.8338820801492437,-0.3814210295677185,0.3162713944911957
7479700000.0,-6.0221028369099905,-3.8331739363113315,-0.3850526213645935,0.31882280111312866
7479850000.0,-5.9646201939790515,-3.8318684838797137,-0.38802796602249146,0.32043346762657166
7480000000.0,-5.8902652785421425,-3.8313792079004156,-0.39152199029922485,0.32299676537513733
