power,frequency,amplitude,phase,I,Q
0.001,6875000000.0,-5.176379577432235,-2.249536810666532,-0.3459484875202179,-0.4289076626300812
0.00099,6875000000.0,-5.180455935725403,-2.22680718957788,-0.33595335483551025,-0.4364545941352844
0.00098,6875000000.0,-5.322303217907037,-2.26748475769376,-0.3476996421813965,-0.41558894515037537
0.0009699999999999999,6875000000.0,-5.223966388147884,-2.2356439211098476,-0.3380991220474243,-0.43130290508270264
0.00096,6875000000.0,-5.27741294648022,-2.230501203263378,-0.33381620049476624,-0.4303795397281647
0.00095,6875000000.0,-4.987755257846546,-2.2494413042129375,-0.35350146889686584,-0.43835753202438354
0.00094,6875000000.0,-4.969382026288553,-2.28347604055412,-0.36899295449256897,-0.42697688937187195
0.0009299999999999999,6875000000.0,-5.215044459347569,-2.2645873205013523,-0.3507992923259735,-0.4217709004878998
0.00092,6875000000.0,-4.996386296328826,-2.2910593481726913,-0.37106478214263916,-0.42284977436065674
0.00091,6875000000.0,-5.130698324686587,-2.291959358673554,-0.3657456338405609,-0.41603243350982666
0.0009000000000000001,6875000000.0,-5.345223376782152,-2.2393467140099736,-0.33498457074165344,-0.42408618330955505
0.0008900000000000001,6875000000.0,-4.98816289976099,-2.2435048769519264,-0.35087651014328003,-0.44042766094207764
0.00088,6875000000.0,-4.79478359612018,-2.2113329836996765,-0.3441043496131897,-0.4616506099700928
0.00087,6875000000.0,-4.9226764439462505,-2.281843499502256,-0.3702811300754547,-0.42988407611846924
0.00086,6875000000.0,-4.928390974946764,-2.2425759779845893,-0.3528873026371002,-0.44379690289497375
0.00085,6875000000.0,-5.044531728617788,-2.2095704313598357,-0.33355996012687683,-0.449154257774353
0.00084,6875000000.0,-5.101948490986702,-2.1858667644191985,-0.3206937313079834,-0.45392340421676636
0.00083,6875000000.0,-4.7907562742604295,-2.0585878456658318,-0.26998212933540344,-0.5088676810264587
0.0008200000000000001,6875000000.0,-10.746701498320991,-1.8227512816635416,-0.07234077155590057,-0.28101646900177
0.0008100000000000001,6875000000.0,-7.207997466673055,-2.5743790816025807,-0.367819219827652,-0.23431715369224548
0.0008,6875000000.0,-6.068874049713646,-2.431253552162203,-0.37696945667266846,-0.3242383897304535
0.00079,6875000000.0,-5.6753527925425615,-2.3849079094095162,-0.378299742937088,-0.35717591643333435
0.0007800000000000001,6875000000.0,-5.345926079397366,-2.3703618793241135,-0.38748523592948914,-0.3766585886478424
0.0007700000000000001,6875000000.0,-5.080136041926631,-2.3589753398214954,-0.39507773518562317,-0.39288651943206787
0.00076,6875000000.0,-5.571825084261633,-2.3204873734194167,-0.358772337436676,-0.38535425066947937
0.00075,6875000000.0,-4.884911926489901,-2.332475831957668,-0.39326947927474976,-0.412382036447525
0.00074,6875000000.0,-5.274262463629299,-2.3053796577182974,-0.36520931124687195,-0.4043479263782501
0.00073,6875000000.0,-5.222176666134553,-2.3210109951595785,-0.3737192749977112,-0.4009874165058136
0.0007199999999999999,6875000000.0,-5.547999132515548,-2.322809172580959,-0.3606540262699127,-0.38557642698287964
0.00071,6875000000.0,-5.379447299978624,-2.336219596737119,-0.37295979261398315,-0.3881652057170868
0.0007,6875000000.0,-5.435854457658865,-2.3404505026902633,-0.372173935174942,-0.3840813934803009
0.00069,6875000000.0,-5.571382979942332,-2.342242712879016,-0.3670889735221863,-0.3774776756763458
0.0006799999999999999,6875000000.0,-5.434982038423394,-2.3909458864290523,-0.3911249339580536,-0.3648433983325958
0.0006699999999999999,6875000000.0,-5.35716297752706,-2.3787299302083493,-0.3901185095310211,-0.3729201853275299
0.0006599999999999999,6875000000.0,-6.641103953096227,-2.4745652492132537,-0.3657478094100952,-0.2879997491836548
0.00065,6875000000.0,-8.130486013755522,-1.7310864124747116,-0.06259232014417648,-0.38714396953582764
0.00064,6875000000.0,-4.701064055118972,-1.9553668849768222,-0.21835573017597198,-0.5395200848579407
0.00063,6875000000.0,-4.995904190519767,-2.1562838169753227,-0.31089961528778076,-0.4689003825187683
0.00062,6875000000.0,-5.17800210824348,-2.207559429450199,-0.3275834023952484,-0.4429648220539093
0.00061,6875000000.0,-4.963415914184708,-2.236508168590827,-0.34877869486808777,-0.4441354274749756
0.0006,6875000000.0,-5.102574147205381,-2.22728551936851,-0.3391898274421692,-0.44022345542907715
0.00059,6875000000.0,-9.278459524900168,-2.4193073105428216,-0.2578161656856537,-0.2271668165922165
0.0005800000000000001,6875000000.0,-4.86531925909829,-2.2424711363421856,-0.35541221499443054,-0.4470684826374054
0.0005700000000000001,6875000000.0,-5.051742946298714,-2.260214387588378,-0.35557419061660767,-0.43133455514907837
0.0005600000000000001,6875000000.0,-5.145775380026155,-2.261128934864043,-0.35213562846183777,-0.4263682961463928
0.00055,6875000000.0,-5.078889857110045,-2.2766507702781253,-0.3614838719367981,-0.42410463094711304
0.00054,6875000000.0,-5.103601247923887,-2.2711578926924347,-0.35812854766845703,-0.42487332224845886
0.0005300000000000001,6875000000.0,-5.6577784709857495,-2.272569372762694,-0.3365551829338074,-0.39813756942749023
0.0005200000000000001,6875000000.0,-5.093384795847333,-2.2708924852987176,-0.35843712091445923,-0.4254685044288635
0.00051,6875000000.0,-5.042771936846515,-2.2748163752041815,-0.3622083067893982,-0.4265369772911072
0.0005,6875000000.0,-5.473839222541558,-2.255379789861327,-0.3367176055908203,-0.41250744462013245
0.00049,6875000000.0,-5.076988529383951,-1.8562112181079606,-0.15693315863609314,-0.5348301529884338
0.00048,6875000000.0,-4.709763958055811,-2.2282644004035217,-0.3553321659564972,-0.46024152636528015
0.00047,6875000000.0,-5.002449804828254,-2.2170642418909026,-0.33855271339416504,-0.44881120324134827
0.00045999999999999996,6875000000.0,-5.167995329646234,-2.2080873525240876,-0.32819509506225586,-0.4433022439479828
0.00045,6875000000.0,-5.013280896642368,-2.1440942135992707,-0.30455106496810913,-0.47171056270599365
0.00043999999999999996,6875000000.0,-4.819088429222008,-1.9655062360054592,-0.22079415619373322,-0.5300272107124329
0.00042999999999999994,6875000000.0,-7.538178883026671,-1.7645985812591385,-0.08085890114307404,-0.4119870662689209
0.00042000000000000007,6875000000.0,-6.3058681586760965,-2.5196620638889775,-0.3932478427886963,-0.2818908989429474
0.00041000000000000005,6875000000.0,-5.583254846110001,-2.446977954231431,-0.403987854719162,-0.33657196164131165
0.0004,6875000000.0,-5.539930246051856,-2.416577514564245,-0.3955388367176056,-0.35043957829475403
0.00039000000000000005,6875000000.0,-5.203385187308229,-2.364762425827869,-0.3917464315891266,-0.3850903809070587
0.00038,6875000000.0,-5.4644898986706565,-2.3370536245044287,-0.36964645981788635,-0.3840751051902771
0.00037,6875000000.0,-5.607971154265551,-2.332884835403363,-0.36201241612434387,-0.3792951703071594
0.00035999999999999997,6875000000.0,-5.563942099549903,-2.339402841952375,-0.3663291931152344,-0.3788430392742157
0.00035,6875000000.0,-5.393057379480929,-2.293405268262498,-0.3554466664791107,-0.40314045548439026
0.00033999999999999997,6875000000.0,-5.569360631925909,-2.31822393608993,-0.3580007553100586,-0.38627490401268005
0.00032999999999999994,6875000000.0,-5.387451297318958,-2.3467721898335667,-0.37668782472610474,-0.38385409116744995
0.00031999999999999997,6875000000.0,-5.373815744620226,-2.3180061705214885,-0.36606577038764954,-0.39514943957328796
0.00030999999999999995,6875000000.0,-5.484919526210991,-2.3317476788600042,-0.36673977971076965,-0.3851241171360016
0.0002999999999999999,6875000000.0,-5.387347833535692,-2.366015819257014,-0.3840089440345764,-0.37653911113739014
0.00029000000000000006,6875000000.0,-5.0031829634650125,-2.403976687121427,-0.4160217046737671,-0.378050297498703
0.00028000000000000003,6875000000.0,-5.820126534590079,-2.4319270852299355,-0.3881458640098572,-0.333396852016449
0.00027,6875000000.0,-6.759268261676381,-2.555367191512915,-0.382560133934021,-0.25405922532081604
0.00026000000000000003,6875000000.0,-7.691676121503681,-2.256198189255353,-0.26110130548477173,-0.31933724880218506
0.00025,6875000000.0,-4.668003131316802,-2.056667305178469,-0.2728330194950104,-0.5166352391242981
0.00024,6875000000.0,-4.9486916602735995,-2.1640485751491583,-0.3162454068660736,-0.46901464462280273
0.00022999999999999998,6875000000.0,-4.977693880873438,-2.2246061656382508,-0.34290388226509094,-0.44751879572868347
0.00021999999999999998,6875000000.0,-5.076738823734121,-2.251074476244775,-0.35060662031173706,-0.433317631483078
0.00020999999999999998,6875000000.0,-4.855029814528758,-2.2546086516900266,-0.36123988032341003,-0.44324660301208496
0.00019999999999999996,6875000000.0,-4.891225604943007,-2.1437267645196676,-0.3086850643157959,-0.4784993529319763
0.00018999999999999996,6875000000.0,-5.185827736540065,-2.2070912134217275,-0.3270811438560486,-0.44271910190582275
0.00017999999999999993,6875000000.0,-5.062519688187953,-2.226968673150067,-0.34061744809150696,-0.4423661530017853
0.00016999999999999993,6875000000.0,-5.261079136264341,-2.2608592447153684,-0.3473784923553467,-0.42083942890167236
0.00016000000000000004,6875000000.0,-4.98933164016754,-2.2988009494578696,-0.3746313154697418,-0.4203057289123535
0.00015000000000000001,6875000000.0,-5.059475596230458,-2.270877409619493,-0.3598327338695526,-0.42713817954063416
0.00014000000000000001,6875000000.0,-4.8732368907957415,-2.2460384393882795,-0.3566794991493225,-0.44539159536361694
0.00013000000000000002,6875000000.0,-4.996995856397896,-2.212728761871975,-0.33681514859199524,-0.4505575895309448
0.00012,6875000000.0,-4.850825961072727,-2.252750933734569,-0.3605903089046478,-0.4441318213939667
0.00010999999999999999,6875000000.0,-4.938287720750139,-2.212983977678745,-0.33921515941619873,-0.45352667570114136
9.999999999999998e-05,6875000000.0,-5.065168344499051,-2.2969098335002984,-0.3705860376358032,-0.4173535704612732
8.999999999999997e-05,6875000000.0,-5.176094972554318,-2.237052954043399,-0.3405784070491791,-0.43320709466934204
7.999999999999997e-05,6875000000.0,-5.112999870794138,-2.213176435292727,-0.3325457274913788,-0.4444313645362854
6.999999999999995e-05,6875000000.0,-4.637342892713428,-2.1828344459159967,-0.3368609845638275,-0.4798884093761444
5.999999999999994e-05,6875000000.0,-4.890083953909155,-2.1212576160605114,-0.29789572954177856,-0.4853776693344116
4.9999999999999935e-05,6875000000.0,-5.121080284600471,-1.8985438943435844,-0.17851808667182922,-0.5250375866889954
4.000000000000004e-05,6875000000.0,-12.090710379841703,-2.220427295498388,-0.15036360919475555,-0.197945237159729
3.0000000000000028e-05,6875000000.0,-6.248377971468646,-2.4539297579994535,-0.37636545300483704,-0.3091520667076111
2.000000000000002e-05,6875000000.0,-5.7819678257822,-2.3806711146674844,-0.3721865117549896,-0.35439860820770264
1.000000000000001e-05,6875000000.0,-5.50393911590512,-2.344188462991072,-0.37068992853164673,-0.37969955801963806
0.0,6875000000.0,-5.415263556173696,-2.34992355069751,-0.37668752670288086,-0.38144177198410034
-1.000000000000001e-05,6875000000.0,-5.274913702304867,-2.354582250781853,-0.3846254348754883,-0.3858676552772522
-2.000000000000002e-05,6875000000.0,-5.360637933554681,-2.353455888114023,-0.38041749596595764,-0.3825068473815918
-3.0000000000000028e-05,6875000000.0,-5.3736969118749345,-2.3118608791802564,-0.3636355400085449,-0.397396981716156
-4.000000000000004e-05,6875000000.0,-5.349474383445373,-2.3097599200646037,-0.36381298303604126,-0.39927199482917786
-5.000000000000004e-05,6875000000.0,-5.3955733147832055,-2.320581323598203,-0.3661637604236603,-0.3932192325592041
-6.0000000000000056e-05,6875000000.0,-5.002584102150886,-2.321247098837183,-0.3833850026130676,-0.41116371750831604
-7.000000000000006e-05,6875000000.0,-5.356482817383333,-2.340939312014407,-0.3757798671722412,-0.387423574924469
-8.000000000000007e-05,6875000000.0,-5.319142742406585,-2.3894963083525753,-0.39583972096443176,-0.37031590938568115
-9.000000000000009e-05,6875000000.0,-5.24168658805098,-2.3692546028471644,-0.3917411267757416,-0.38164010643959045
-0.00010000000000000009,6875000000.0,-5.759919795268504,-2.367197786744623,-0.36831167340278625,-0.36029428243637085
-0.0001100000000000001,6875000000.0,-6.258764636846946,-2.433791693169609,-0.3696215748786926,-0.3162896931171417
-0.00012000000000000011,6875000000.0,-9.104278304239035,-2.622610098605648,-0.30441638827323914,-0.17388617992401123
-0.00013000000000000012,6875000000.0,-7.588948537499929,-1.5506043625341692,0.008427555672824383,-0.4173150360584259
-0.00014000000000000012,6875000000.0,-4.727738102463451,-2.112352226797617,-0.29909998178482056,-0.4972183406352997
-0.00015000000000000015,6875000000.0,-5.152190320474408,-2.1826309689031533,-0.3173820972442627,-0.4523347020149231
-0.00015999999999999993,6875000000.0,-5.004594605905219,-2.2413944061545124,-0.349284827709198,-0.44033339619636536
-0.00016999999999999993,6875000000.0,-5.1486008112415105,-2.234830452577982,-0.340691477060318,-0.4353387951850891
-0.00017999999999999993,6875000000.0,-5.238010836099109,-2.249438668205821,-0.34346067905426025,-0.42590880393981934
-0.00018999999999999996,6875000000.0,-5.122131574520025,-2.1900289947917972,-0.3218315839767456,-0.451534241437912
-0.00019999999999999996,6875000000.0,-5.3147504451045915,-2.2885451100978687,-0.3566843569278717,-0.40852972865104675
-0.00020999999999999998,6875000000.0,-5.239525214297942,-2.2482666910536695,-0.3429014980792999,-0.42623671889305115
-0.00021999999999999998,6875000000.0,-4.883856233966124,-2.2440789343097465,-0.3553713262081146,-0.44554460048675537
-0.00022999999999999998,6875000000.0,-5.045740026532898,-2.2646313772283295,-0.35772305727005005,-0.4300568997859955
-0.00024,6875000000.0,-5.274184910586831,-2.279062023347114,-0.35444575548171997,-0.4138219356536865
-0.00025,6875000000.0,-4.936584647240561,-2.2676943354357917,-0.363579124212265,-0.43438392877578735
-0.00026000000000000003,6875000000.0,-5.058640014356089,-2.2265954491988373,-0.34060442447662354,-0.4426909387111664
-0.00027,6875000000.0,-5.145191100335932,-2.25908412329163,-0.3512866795063019,-0.42711618542671204
-0.00028000000000000003,6875000000.0,-5.003334955774732,-2.2064217645059045,-0.33372315764427185,-0.4523426592350006
-0.00029000000000000006,6875000000.0,-4.813816924077356,-2.2482347835262986,-0.3601119816303253,-0.44765910506248474
-0.00030000000000000003,6875000000.0,-4.782843883725084,-2.2408498923091944,-0.35807085037231445,-0.45191487669944763
-0.00031000000000000005,6875000000.0,-4.8960279082234495,-2.245492746708152,-0.3555023670196533,-0.4444185197353363
-0.0003200000000000001,6875000000.0,-5.065475070494781,-2.1663583613961013,-0.31308990716934204,-0.4620289206504822
-0.00033000000000000005,6875000000.0,-4.919253089283043,-2.1035176241406077,-0.2882690131664276,-0.488940954208374
-0.0003400000000000001,6875000000.0,-9.701848586528847,-1.560397731081251,0.0034030978567898273,-0.3272533416748047
-0.0003500000000000001,6875000000.0,-8.333006347827904,-2.6049492740542295,-0.3292759358882904,-0.19587837159633636
-0.00036000000000000013,6875000000.0,-5.8864675259732895,-2.4165489173026664,-0.38005921244621277,-0.3367443382740021
-0.0003700000000000001,6875000000.0,-5.804686853319778,-2.3771350608959176,-0.36996206641197205,-0.3547832667827606
-0.00038000000000000013,6875000000.0,-5.701094258421947,-2.352590586854157,-0.3654765188694,-0.36812034249305725
-0.00039000000000000016,6875000000.0,-5.4155143520940445,-2.3244977577154002,-0.36685776710510254,-0.39088374376296997
-0.00040000000000000013,6875000000.0,-5.483488519443275,-2.354713550498252,-0.3755488693714142,-0.37666285037994385
-0.00040999999999999994,6875000000.0,-5.581869816970949,-2.328188274415245,-0.3613111674785614,-0.38213780522346497
-0.00041999999999999996,6875000000.0,-5.481879044295703,-2.3394237961168156,-0.3698146343231201,-0.3824315071105957
-0.00042999999999999994,6875000000.0,-5.037845669642197,-2.324454731946165,-0.3831433057785034,-0.40827104449272156
-0.00043999999999999996,6875000000.0,-5.35786793637142,-2.31494477631663,-0.36552485823631287,-0.39699649810791016
-0.00045,6875000000.0,-5.397339682635646,-2.2836529879972276,-0.35132503509521484,-0.40638723969459534
-0.00045999999999999996,6875000000.0,-5.606452996294214,-2.368636913881328,-0.37540438771247864,-0.3661768436431885
-0.00047,6875000000.0,-5.460873074195596,-2.347416927074898,-0.37376242876052856,-0.38038215041160583
-0.00048,6875000000.0,-5.380646240222009,-2.369164316929614,-0.38548988103866577,-0.3756178915500641
-0.00049,6875000000.0,-5.606192986861571,-2.397887097526081,-0.385964572429657,-0.35505175590515137
-0.0005,6875000000.0,-6.148044847690615,-2.497422803305143,-0.39397600293159485,-0.2958938777446747
-0.00051,6875000000.0,-9.903473986345555,-1.7645897495119465,-0.06158054620027542,-0.313775897026062
-0.0005200000000000001,6875000000.0,-5.163830523847403,-1.9034975363475248,-0.18022750318050385,-0.5215734243392944
-0.0005300000000000001,6875000000.0,-4.895042167776172,-2.1452407201169286,-0.30927321314811707,-0.4778214693069458
-0.00054,6875000000.0,-4.778125515603849,-2.1905066136643847,-0.3350578844547272,-0.46961620450019836
-0.00055,6875000000.0,-5.026750143154224,-2.26432127921899,-0.3583723306655884,-0.43110930919647217
-0.0005600000000000001,6875000000.0,-5.25152036933134,-2.2600653582845127,-0.3474264144897461,-0.4215787649154663
-0.0005700000000000001,6875000000.0,-6.160886807476525,-2.4059855746895633,-0.3647724390029907,-0.3301432132720947
-0.0005800000000000001,6875000000.0,-4.783630493338003,-2.213001398978566,-0.34531721472740173,-0.4616682827472687
-0.0005900000000000001,6875000000.0,-4.9338290500148165,-2.2449769410873026,-0.35373029112815857,-0.44267112016677856
-0.0006000000000000001,6875000000.0,-5.307016868930098,-2.2627156241752555,-0.3463226556777954,-0.41797739267349243
-0.0006100000000000001,6875000000.0,-4.935648145556829,-2.2675879110079937,-0.3635720908641815,-0.43446946144104004
-0.0006200000000000001,6875000000.0,-4.9796222875288185,-2.2683771699019233,-0.36207714676856995,-0.43198978900909424
-0.0006300000000000001,6875000000.0,-4.894446418050841,-2.2855751231853914,-0.3730933368206024,-0.42989426851272583
-0.0006400000000000002,6875000000.0,-5.244966054140935,-2.238512442717756,-0.3385155200958252,-0.42929214239120483
-0.0006500000000000002,6875000000.0,-5.105675558151358,-2.2306262427187438,-0.3405369818210602,-0.43893110752105713
-0.0006600000000000001,6875000000.0,-4.8493239176646465,-2.2354930136065074,-0.35293322801589966,-0.4503662884235382
-0.0006699999999999999,6875000000.0,-4.782882721582609,-2.076735000090786,-0.27942484617233276,-0.504341721534729
-0.0006799999999999999,6875000000.0,-4.976645946447173,-2.243619814829752,-0.3513927459716797,-0.44097164273262024
-0.00069,6875000000.0,-5.100774800483111,-2.2288021946588255,-0.3399275243282318,-0.43979960680007935
-0.0007,6875000000.0,-4.955451359748951,-2.192215419648103,-0.3290726840496063,-0.45956435799598694
-0.00071,6875000000.0,-5.276670743081566,-2.154958595021714,-0.3004087507724762,-0.45438429713249207
-0.0007199999999999999,6875000000.0,-4.733108715132682,-2.0352374262298074,-0.2597455382347107,-0.5184621810913086
-0.00073,6875000000.0,-6.4293969233860215,-1.9121553423429294,-0.15968866646289825,-0.449489563703537
-0.00074,6875000000.0,-6.499753174072315,-2.5173668189091964,-0.38393333554267883,-0.2765502333641052
-0.00075,6875000000.0,-6.0156534449464765,-2.4362895119655827,-0.38092440366744995,-0.32431697845458984
-0.00076,6875000000.0,-5.678968883960217,-2.38638851276377,-0.37867048382759094,-0.35646697878837585
-0.0007700000000000001,6875000000.0,-5.529010079277193,-2.3298945587897095,-0.36417219042778015,-0.3838496506214142
-0.0007800000000000001,6875000000.0,-5.3843351293505375,-2.326659344181761,-0.3690241277217865,-0.391492635011673
-0.00079,6875000000.0,-5.53596363914208,-2.3548853001820387,-0.37335115671157837,-0.3743300139904022
-0.0008,6875000000.0,-5.415864053437545,-2.3010115451173405,-0.3575626611709595,-0.39937517046928406
-0.0008100000000000001,6875000000.0,-5.3232308010055664,-2.334384929404769,-0.3746640682220459,-0.3913736641407013
-0.0008200000000000001,6875000000.0,-4.973672092759161,-2.318000786262852,-0.3833220303058624,-0.41378116607666016
-0.0008300000000000001,6875000000.0,-5.476713043552151,-2.316173809332944,-0.3610386252403259,-0.3911581337451935
-0.0008400000000000001,6875000000.0,-5.335471427416079,-2.3423151078964923,-0.377223938703537,-0.3878432810306549
-0.0008500000000000001,6875000000.0,-5.581789306682692,-2.314417716281631,-0.3560181260108948,-0.38708046078681946
-0.0008600000000000001,6875000000.0,-5.556819874062596,-2.3350034464815477,-0.36495810747146606,-0.38076308369636536
-0.0008700000000000001,6875000000.0,-5.729871857694646,-2.361316594213595,-0.3674553334712982,-0.3637101948261261
-0.0008800000000000001,6875000000.0,-5.895717436818382,-2.432824454065437,-0.385079026222229,-0.33016255497932434
-0.0008900000000000002,6875000000.0,-7.078771598865697,-2.5207976382962265,-0.3600594997406006,-0.25748211145401
-0.0009000000000000002,6875000000.0,-9.19543092516343,-2.450690825236135,-0.2673608660697937,-0.22106823325157166
-0.0009100000000000001,6875000000.0,-4.875430219488929,-2.0287003318401298,-0.25218459963798523,-0.5116956830024719
-0.0009199999999999999,6875000000.0,-5.076650958336682,-2.1392304406491545,-0.3000560402870178,-0.46974655985832214
-0.0009299999999999999,6875000000.0,-5.030753425487367,-2.213001267720556,-0.33563095331192017,-0.44871845841407776
-0.00094,6875000000.0,-5.291973456834796,-2.2467087110285515,-0.34017670154571533,-0.42420122027397156
-0.00095,6875000000.0,-5.2984500322430375,-2.2768565839112753,-0.35254597663879395,-0.41344600915908813
-0.00096,6875000000.0,-4.496708727828947,-2.128453795345215,-0.3153438866138458,-0.5056091547012329
-0.0009699999999999999,6875000000.0,-5.2768614039631,-2.2502093022095124,-0.34225451946258545,-0.42374441027641296
-0.00098,6875000000.0,-5.048670589397561,-2.216146238808629,-0.33634597063064575,-0.44673821330070496
-0.00099,6875000000.0,-5.301279679583866,-2.2715091029900485,-0.35021594166755676,-0.41519004106521606
-0.001,6875000000.0,-5.223358839592516,-2.254938324358525,-0.34638163447380066,-0.4247293174266815
